name: project1
channels:
  - conda-forge
  - defaults
dependencies:
  - aom=3.9.1=he0c23c2_0
  - blas=1.0=mkl
  - bzip2=1.0.8=h2bbff1b_6
  - ca-certificates=2024.9.24=haa95532_0
  - cairo=1.18.0=h32b962e_3
  - dav1d=1.2.1=hcfcfb64_0
  - expat=2.6.3=h5da7b33_0
  - ffmpeg=7.1.0=gpl_hb26d62f_701
  - font-ttf-dejavu-sans-mono=2.37=hab24e00_0
  - font-ttf-inconsolata=3.000=h77eed37_0
  - font-ttf-source-code-pro=2.038=h77eed37_0
  - font-ttf-ubuntu=0.83=h77eed37_3
  - fontconfig=2.14.2=hbde0cde_0
  - fonts-conda-ecosystem=1=0
  - fonts-conda-forge=1=0
  - freetype=2.12.1=hdaf720e_2
  - graphite2=1.3.13=h63175ca_1003
  - harfbuzz=9.0.0=h2bedf89_1
  - icu=75.1=he0c23c2_0
  - intel-openmp=2023.1.0=h59b6b97_46320
  - libexpat=2.6.3=he0c23c2_0
  - libffi=3.4.4=hd77b12b_1
  - libglib=2.82.1=h7025463_0
  - libiconv=1.17=hcfcfb64_2
  - libintl=0.22.5=h5728263_3
  - libopus=1.3.1=h8ffe710_1
  - libpng=1.6.44=h3ca93ac_0
  - libsqlite=3.46.1=h2466b09_0
  - libxml2=2.12.7=h0f24e4e_4
  - libzlib=1.3.1=h2466b09_2
  - mkl=2023.1.0=h6b88ed4_46358
  - mkl-service=2.4.0=py312h2bbff1b_1
  - mkl_fft=1.3.10=py312h827c3e9_0
  - mkl_random=1.2.7=py312h0158946_0
  - numpy=2.1.1=py312hfd52020_0
  - numpy-base=2.1.1=py312h4dde369_0
  - openh264=2.4.1=h63175ca_0
  - openssl=3.3.2=h2466b09_0
  - pcre2=10.44=h3d7b363_2
  - pip=24.2=py312haa95532_0
  - pixman=0.43.4=h63175ca_0
  - python=3.12.7=hce54a09_0_cpython
  - setuptools=72.1.0=py312haa95532_0
  - sqlite=3.45.3=h2bbff1b_0
  - svt-av1=2.2.1=he0c23c2_0
  - tbb=2021.8.0=h59b6b97_0
  - tk=8.6.13=h5226925_1
  - tzdata=2024b=h04d1e81_0
  - ucrt=10.0.22621.0=h57928b3_1
  - vc=14.40=h2eaa2aa_1
  - vc14_runtime=14.40.33810=hcc2c482_22
  - vs2015_runtime=14.40.33810=h3bf8584_22
  - wheel=0.44.0=py312haa95532_0
  - x264=1!164.3095=h8ffe710_2
  - x265=3.5=h2d74725_3
  - xz=5.4.6=h8cc25b3_1
  - zlib=1.3.1=h2466b09_2
  - pip:
      - annotated-types==0.7.0
      - anyio==4.6.0
      - brotli==1.1.0
      - certifi==2024.8.30
      - charset-normalizer==3.4.0
      - click==8.1.7
      - colorama==0.4.6
      - dnspython==2.7.0
      - email-validator==2.2.0
      - fastapi==0.115.2
      - fastapi-cli==0.0.5
      - h11==0.14.0
      - httpcore==1.0.6
      - httptools==0.6.1
      - httpx==0.27.2
      - idna==3.10
      - jinja2==3.1.4
      - markdown-it-py==3.0.0
      - markupsafe==3.0.1
      - mdurl==0.1.2
      - mutagen==1.47.0
      - pycryptodomex==3.21.0
      - pydantic==2.9.2
      - pydantic-core==2.23.4
      - pygments==2.18.0
      - python-dotenv==1.0.1
      - python-multipart==0.0.12
      - pytube==15.0.0
      - pyyaml==6.0.2
      - requests==2.32.3
      - rich==13.9.2
      - shellingham==1.5.4
      - sniffio==1.3.1
      - starlette==0.39.2
      - typer==0.12.5
      - typing-extensions==4.12.2
      - urllib3==2.2.3
      - uvicorn==0.31.1
      - watchfiles==0.24.0
      - websockets==13.1
      - yt-dlp==2024.10.7
prefix: C:\Users\Dell\anaconda3\envs\project1
